"Outcome"	"Setting"	"Best"	"k"	"n"	"dhat_pcurve"	"rhat_pcurve"	"naive.FE.r"	"naive.RE.r"	"RE.Q"	"RE.Q.p"	"RE.I2"	"RE.I2.lb"	"RE.I2.ub"	"PET.b0"	"PET.b0.se"	"PET.b0.p"	"PET.b1"	"PET.b1.se"	"PET.b1.p"	"PET.Q"	"PET.Q.p"	"PET.I2"	"PET.I2.lb"	"PET.I2.ub"	"PEESE.b0"	"PEESE.b0.se"	"PEESE.b0.p"	"PEESE.b1"	"PEESE.b1.se"	"PEESE.b1.p"	"PEESE.Q"	"PEESE.Q.p"	"PEESE.I2"	"PEESE.I2.lb"	"PEESE.I2.ub"	"PET.r"	"PET.r.LL"	"PET.r.UL"	"PEESE.r"	"PEESE.r.LL"	"PEESE.r.UL"	"mod.est"	"mod.ci.lb"	"mod.ci.ub"	"mod.pval.0"	"mod.pval.pb"	"TES.pval"
"AggAff"	"Exp"	"Best-only"	18	1318	0.430256909192696	0.210316740905756	0.289	0.335	43.467	0	66.66	44.867	90.658	-0.12	0.093	0.198	3.667	0.78	0	21.377	0.164	0.003	0	83.219	0.143	0.045	0.001	10.862	2.453	0	23.864	0.093	0	0	86.005	-0.12	-0.312	0.063	0.144	0.055	0.235	0.236	0.083	0.362	"0.004"	0.201	0.079
"AggAff"	"Exp"	"All"	34	2879	0.401754653347682	0.196943127068861	0.173	0.217	101.948	0	72.259	61.175	88.739	-0.099	0.092	0.283	2.635	0.737	0	74.949	0	58.195	44.917	85.218	0.081	0.05	0.104	8.336	2.453	0.001	77.444	0	59.925	46.901	85.678	-0.099	-0.287	0.082	0.081	-0.017	0.181	0.24	0.11	0.351	"0.001"	0.861	0.022
"AggAff"	"Nonexp"	"All"	14	9811	0.332801067248759	0.164143553682032	0.148	0.164	151.178	0	93.496	86.927	97.579	0.159	0.103	0.123	0.123	1.883	0.948	147.281	0	94.035	87.828	97.896	0.169	0.065	0.01	-1.397	16.27	0.932	149.366	0	94.156	88.086	97.94	0.161	-0.043	0.378	0.171	0.041	0.307	0.159	0.116	0.241	"< .001"	0.661	0.211
"AggBeh"	"Exp"	"Best-only"	23	2413	0.177048574979783	0.0881794504415816	0.209	0.213	14.21	0.894	4.686	0	16.601	0.072	0.054	0.188	1.537	0.549	0.005	6.372	0.999	0	NA	NA	0.15	0.032	0	6.402	2.539	0.012	7.851	0.996	0	NA	NA	0.072	-0.035	0.18	0.151	0.086	0.216	0.021	-0.23	0.146	"0.407"	0.002	0.015
"AggBeh"	"Exp"	"All"	39	3328	0.153093617258177	0.076323529646684	0.17	0.171	45.231	0.196	0.908	0	60.651	0.127	0.043	0.003	0.451	0.39	0.248	43.897	0.202	0.002	0	60.525	0.151	0.025	0	1.726	1.448	0.233	43.81	0.205	0.001	0	60.526	0.127	0.042	0.214	0.152	0.102	0.203	0.021	-0.23	0.146	"0.407"	0.009	0.02
"AggBeh"	"Nonexp"	"Best-only"	21	11615	0.566675030916733	0.27260629717177	0.263	0.277	50.733	0	67.293	37.584	86.113	0.226	0.043	0	1.163	0.789	0.14	45.375	0.001	61.833	29.601	85.638	0.266	0.025	0	6.024	6.072	0.321	46.584	0	64.809	34.773	86.91	0.23	0.143	0.32	0.272	0.22	0.327	0.273	0.245	0.308	"< .001"	0.752	0.931
"AggBeh"	"Nonexp"	"All"	36	28337	0.465216961230339	0.226560010718275	0.201	0.229	176.144	0	82.489	70.178	90.145	0.17	0.031	0	1.326	0.589	0.024	150.027	0	78.743	64.973	89.048	0.216	0.019	0	5.872	4.135	0.156	160.034	0	81.088	68.616	90.181	0.172	0.11	0.235	0.219	0.18	0.259	0.223	0.19	0.253	"< .001"	0.9	0.199
"PhysArous"	"Exp"	"Best-only"	11	833	0.576851565714681	0.27712893509127	0.199	0.21	18.858	0.042	50.018	0	79.87	0.197	0.161	0.22	0.137	1.22	0.911	18.327	0.032	53.057	0	83.273	0.216	0.09	0.016	-0.112	4.05	0.978	18.684	0.028	53.831	0	83.608	0.2	-0.119	0.565	0.219	0.04	0.413	0.258	0.082	0.37	"0.008"	0.797	0.636
"PhysArous"	"Exp"	"All"	24	1770	0.590699252665326	0.2832535959881	0.139	0.148	35.042	0.052	34.863	0	70.63	-0.006	0.09	0.947	1.295	0.714	0.07	30.78	0.101	31.445	0	65.72	0.088	0.044	0.046	3.772	1.98	0.057	30.562	0.105	31.51	0	64.939	-0.006	-0.185	0.173	0.088	0.001	0.176	0.259	0.083	0.372	"0.007"	0.93	0.704
"AggCog"	"Exp"	"Best-only"	24	2887	0.37886130487007	0.18612070904528	0.217	0.222	35.11	0.051	34.523	0	69.657	0.099	0.074	0.184	1.372	0.761	0.071	31.44	0.087	33.286	0	64.612	0.18	0.034	0	4.722	2.592	0.068	31.273	0.091	32.293	0	64.975	0.099	-0.047	0.249	0.182	0.114	0.252	0.236	0.147	0.311	"< .001"	0.684	0.309
"AggCog"	"Exp"	"All"	40	4073.5	0.388324569679681	0.19060275617448	0.198	0.2	57.748	0.027	27.162	0	66.681	0.114	0.058	0.049	0.883	0.544	0.104	55.144	0.036	28.55	0	63.797	0.16	0.03	0	3.827	1.971	0.052	53.887	0.045	27.467	0	62.306	0.115	0.001	0.232	0.161	0.102	0.221	0.236	0.142	0.315	"< .001"	0.814	0.339
"AggCog"	"Nonexp"	"Best-only"	16	7221	0.35304181764184	0.173833391549526	0.168	0.184	41.538	0	61.449	27.07	85.425	0.13	0.053	0.013	1.061	0.941	0.259	35.313	0.001	57.718	21.919	86.629	0.172	0.031	0	4.464	7.371	0.545	38.096	0.001	61.079	25.983	87.25	0.131	0.027	0.238	0.174	0.111	0.237	0.176	0.135	0.224	"< .001"	0.628	0.354
"AggCog"	"Nonexp"	"All"	21	12236	0.346663456539106	0.170785188181939	0.16	0.191	105.506	0	83.58	69.98	92.677	0.131	0.058	0.024	1.241	1.064	0.243	82.344	0	82.041	67.752	92.917	0.18	0.035	0	4.44	8.472	0.6	92.427	0	83.746	70.63	93.296	0.132	0.017	0.249	0.182	0.112	0.254	0.162	0.132	0.201	"< .001"	0.544	0.234
"AggAff"	"Nonexp"	"Best-only"	NA	NA	NA	NA	NA	NA	NA	NA	NA	NA	NA	NA	NA	NA	NA	NA	NA	NA	NA	NA	NA	NA	NA	NA	NA	NA	NA	NA	NA	NA	NA	NA	NA	NA	NA	NA	NA	NA	NA	0.137	0.095	0.192	"< .001"	0.954	NA
